0 3
1 16
2 11
3 2
4 9
5 2
5 4
5 18
5 28
6 13
7 0
7 3
8 12
9 2
9 4
10 2
10 3
10 15
11 2
12 2
13 1
14 12
14 31
15 2
16 2
16 4
16 18
17 9
18 17
19 26
20 17
21 2
22 0
22 14
22 19
23 3
24 14
25 4
26 3
27 2
28 15
29 14
29 19
30 0
30 1
30 4
30 5
30 8
30 14
30 19
30 28
31 4
32 0
32 17
32 34
33 12
34 22
35 8
36 3
37 8
37 29
38 1
39 9
40 26
41 17
42 23
42 24
43 1
43 5
44 3
44 4
44 29
45 4
45 8
46 0
46 7
47 30
47 36
48 0
49 17
49 26
50 26
51 0
51 20
52 0
52 4
52 7
52 8
52 14
52 19
52 28
53 5
54 7
54 12
55 2
56 0
56 7
57 4
57 8
58 3
59 0
60 0
61 25
62 0
63 0
63 4
63 8
63 19
63 28
64 20
65 17
66 8
67 0
67 4
67 8
67 14
67 28
68 4
68 21
69 2
69 4
70 0
70 4
70 7
70 8
70 14
70 19
70 28
71 0
71 14
72 4
72 8
73 0
73 4
73 8
73 14
73 19
73 28
74 2
74 4
74 18
75 2
76 20
77 3
77 4
77 39
78 1
78 5
78 8
79 0
79 4
79 8
80 0
81 34
82 0
82 4
82 8
82 14
82 19
83 17
84 4
85 14
85 19
86 4
87 1
87 5
88 2
89 15
89 22
90 0
90 8
91 0
91 20
92 17
93 0
94 2
94 4
95 3
96 0
97 3
98 0
98 7
98 12
98 28
99 0
99 12
100 0
101 0
102 0
102 1
102 8
102 14
102 19
102 28
103 2
104 5
104 8
105 7
106 8
107 0
107 14
107 19
108 0
109 0
109 4
109 7
109 8
109 19
109 28
109 33
110 2
111 2
111 4
112 0
112 6
113 0
113 4
114 0
114 38
115 2
115 4
115 18
116 0
116 5
116 19
116 28
117 0
117 8
118 4
118 8
119 14
119 19
120 7
121 4
121 23
121 24
122 2
122 4
122 18
123 0
124 2
124 18
125 0
126 2
127 6
128 0
129 2
130 2
131 0
131 8
131 12
131 14
131 19
131 28
131 33
132 4
132 14
132 19
133 28
133 32
134 8
135 0
136 4
136 8
137 0
137 14
137 19
138 0
138 1
138 4
138 6
138 7
138 8
138 14
138 19
138 28
139 8
140 3
140 9
141 8
142 0
142 14
143 0
144 25
145 20
146 0
146 8
147 7
148 0
148 8
148 19
148 28
149 1
149 5
150 0
150 8
151 0
151 7
151 8
151 12
151 28
152 1
152 5
153 8
153 14
154 0
154 2
154 4
154 7
154 8
154 14
154 19
154 28
155 1
156 2
156 8
156 14
157 0
158 8
159 0
159 14
159 19
160 7
161 0
162 3
163 0
163 1
163 8
163 14
163 28
164 7
165 0
165 5
165 8
165 28
166 2
166 4
166 18
167 0
167 4
167 8
167 28
168 5
168 8
169 0
170 4
170 8
171 0
171 14
172 0
173 0
173 19
174 0
174 4
174 8
175 1
175 5
176 0
176 28
177 0
178 0
179 4
180 3
181 1
182 0
183 7
183 12
184 10
185 8
185 28
186 8
187 0
188 0
189 0
189 4
189 8
190 1
190 5
191 0
192 17
193 3
194 8
195 2
196 2
196 4
197 0
197 28
198 8
199 0
200 0
200 4
201 0
202 7
203 14
203 19
204 4
205 2
206 0
207 0
207 4
207 7
207 8
207 14
207 28
208 0
208 8
208 14
208 19
208 28
209 0
210 2
210 8
210 28
211 25
212 0
213 8
214 8
215 5
215 14
215 19
216 8
217 0
218 0
218 19
218 28
219 0
219 8
220 0
221 2
222 0
222 1
222 4
222 7
222 8
222 19
222 28
223 4
223 8
224 0
224 14
224 19
225 8
226 8
226 14
226 19
227 0
227 8
228 4
229 0
229 14
229 19
230 1
230 5
231 0
232 8
233 17
234 0
235 0
236 0
236 28
237 0
237 4
237 8
238 0
238 1
238 5
239 2
240 7
241 2
241 4
242 4
242 8
243 2
244 0
245 8
246 8
247 0
248 0
249 0
249 4
249 19
249 28
250 0
250 8
250 14
250 19
251 0
251 8
251 28
252 3
253 8
254 0
254 1
254 5
254 14
255 0
256 7
257 0
258 0
258 6
258 8
259 34
260 0
261 8
262 4
263 6
264 1
264 5
265 0
266 0
267 7
268 8
269 8
270 8
271 8
271 14
272 0
272 8
273 8
274 0
274 8
275 0
275 8
275 14
276 0
276 1
276 4
276 5
276 8
277 0
278 8
279 0
279 4
279 8
280 8
281 1
281 5
282 1
282 5
282 8
283 0
283 14
283 19
284 20
285 0
286 34
287 4
288 28
289 12
290 0
290 8
290 19
291 0
292 0
292 8
292 14
292 28
293 7
294 0
294 7
295 0
295 6
296 0
296 7
297 0
297 28
298 1
299 2
300 1
300 5
301 0
301 7
302 0
302 7
303 28
304 0
304 14
305 0
306 4
306 8
307 0
307 8
308 4
309 0
310 0
311 4
311 8
312 0
313 0
313 14
313 28
314 1
314 5
315 4
315 8
316 23
317 0
318 0
318 19
319 0
320 0
320 8
320 19
320 28
321 7
322 0
322 14
322 19
323 0
324 2
324 4
324 18
325 8
326 0
326 7
327 0
327 8
328 0
328 7
328 8
328 12
328 28
329 0
330 1
330 5
331 7
332 7
333 7
334 0
334 14
334 19
335 14
335 19
336 0
336 14
336 19
337 0
338 0
339 0
340 8
341 8
342 1
342 5
343 1
343 5
343 8
344 4
345 8
346 7
346 12
347 0
347 28
348 0
348 4
348 8
348 18
349 0
349 2
349 4
349 28
349 33
350 4
351 0
351 8
352 0
352 19
353 7
354 0
354 4
354 8
355 8
356 7
357 0
358 20
359 8
360 0
360 8
360 28
360 33
361 0
362 8
363 1
363 5
364 12
365 8
366 0
366 14
367 0
368 0
368 7
368 12
369 0
370 8
371 0
371 14
371 19
372 8
373 7
373 12
374 8
375 0
376 4
376 8
376 14
377 0
378 8
379 0
379 8
379 19
380 11
381 0
382 8
383 0
383 6
384 7
385 7
386 0
386 14
386 19
387 0
388 0
388 8
389 0
390 0
390 8
391 28
392 8
393 0
394 0
394 4
394 8
395 8
396 7
396 12
397 1
397 5
398 0
399 1
400 17
401 0
402 0
402 4
402 8
402 19
402 28
403 0
404 1
404 5
405 34
406 0
406 8
406 28
407 0
407 8
408 0
408 4
408 8
408 14
408 19
408 28
409 0
410 0
411 4
412 8
413 7
413 12
414 0
414 7
415 8
416 0
416 28
417 7
418 0
418 8
419 7
420 7
421 0
422 0
423 2
424 0
424 8
425 0
426 0
427 0
428 8
429 4
429 8
429 14
429 30
430 0
430 14
430 19
431 0
432 7
433 8
434 0
434 2
434 8
435 1
435 5
435 8
436 7
437 7
438 8
439 0
439 8
439 28
440 7
440 12
441 0
442 5
442 8
443 0
443 19
444 0
444 8
445 4
446 1
446 5
446 8
447 0
447 8
447 14
448 17
449 23
450 0
451 1
451 5
452 8
453 0
453 14
453 19
454 0
455 0
455 4
455 19
455 28
456 0
456 14
456 19
457 7
458 7
459 0
460 8
461 7
462 0
463 0
464 0
465 0
465 14
465 19
466 0
466 1
466 8
466 19
466 28
467 7
467 12
468 0
469 0
469 20
470 34
471 0
471 8
472 0
473 0
474 0
475 0
475 14
476 8
477 7
478 8
479 0
480 1
480 5
480 8
481 1
481 5
482 0
482 8
482 28
483 8
484 4
485 4
485 8
486 7
486 12
487 8
488 7
488 12
488 28
489 8
490 0
490 14
491 7
492 7
493 8
494 8
495 0
496 0
496 1
496 8
497 6
498 28
498 33
499 0
500 2
500 18
501 0
502 0
503 4
504 0
505 0
506 14
506 19
507 0
507 14
507 19
508 0
509 30
509 36
510 0
510 8
511 0
511 8
512 0
512 19
513 8
514 0
514 8
515 0
515 8
515 19
515 28
516 4
516 8
517 8
518 2
519 7
519 12
520 0
521 2
521 4
521 8
522 0
523 0
523 2
523 4
523 12
523 14
523 28
524 7
524 12
525 8
526 0
527 0
527 14
527 19
528 0
529 0
530 1
530 5
531 8
532 0
533 7
534 0
535 5
536 0
536 28
537 0
537 14
538 0
539 14
539 19
540 0
540 14
540 19
541 0
541 8
542 0
542 8
543 4
544 0
544 7
545 0
545 14
546 7
547 0
548 0
549 0
549 14
549 19
550 0
551 17
552 0
552 6
553 0
554 0
555 4
555 30
555 36
556 7
556 12
557 0
558 0
559 8
560 7
561 3
561 4
561 9
562 0
562 14
563 1
563 5
564 0
564 19
564 28
565 0
566 8
567 12
568 8
569 1
569 5
570 1
570 5
571 33
572 0
572 2
572 4
572 19
572 28
573 4
573 8
574 0
574 6
575 0
575 8
576 0
576 4
577 0
577 28
578 0
579 8
580 1
580 5
581 7
582 0
582 14
582 19
583 0
583 14
584 8
585 4
585 8
586 0
587 0
588 2
589 0
589 6
590 6
591 0
592 8
592 28
593 0
594 0
594 14
594 19
595 8
596 17
597 0
597 19
597 28
598 8
598 14
598 19
599 0
599 14
599 19
599 20
600 7
601 0
602 8
603 0
603 19
604 7
605 8
606 1
606 5
607 0
608 0
609 0
609 8
610 5
610 8
611 0
612 8
613 0
613 28
614 0
614 14
614 19
615 2
616 0
616 1
616 4
616 7
616 28
617 0
618 0
618 8
619 0
619 2
619 4
619 28
620 7
620 12
621 0
621 28
622 2
623 0
624 2
624 4
624 18
625 0
626 0
627 7
628 8
629 0
630 1
630 5
631 0
631 8
631 14
631 19
632 0
633 0
634 0
634 7
634 8
635 0
636 0
637 26
638 7
639 0
639 14
640 0
640 1
641 12
642 0
642 8
643 5
644 8
645 0
646 7
647 4
648 0
649 0
649 28
650 0
651 0
651 14
651 19
651 28
652 4
653 7
654 1
654 5
655 1
656 0
657 0
658 0
659 7
660 0
661 1
662 0
662 14
662 28
663 6
664 8
665 4
666 7
666 12
667 0
668 0
669 7
670 14
670 36
671 0
671 19
672 0
673 2
673 4
673 18
674 0
674 14
675 34
676 0
677 0
677 8
678 0
679 0
679 8
680 0
681 14
681 19
682 7
683 4
684 5
684 8
685 2
686 0
686 14
687 0
688 0
689 0
690 0
690 8
691 7
692 23
693 0
694 4
695 0
695 5
695 8
695 14
695 19
696 1
696 5
696 8
697 0
697 7
698 0
699 0
699 2
699 8
700 0
701 0
701 14
702 4
702 8
703 0
703 8
703 28
704 0
705 0
706 0
707 7
708 7
709 8
710 8
711 4
712 7
713 33
714 7
715 0
716 7
717 4
718 0
719 7
720 4
721 14
721 19
722 7
723 8
724 7
725 32
726 1
726 5
727 0
728 0
729 7
730 0
731 0
732 7
733 0
734 8
735 0
735 8
736 8
736 14
736 19
737 20
738 8
739 33
740 0
741 1
741 5
742 0
743 7
743 12
744 0
744 28
745 0
745 28
746 0
747 4
748 8
749 0
750 0
750 8
751 8
752 1
752 5
753 4
753 30
753 36
754 1
754 5
755 7
756 0
756 28
757 8
758 7
759 0
759 19
760 1
760 5
761 0
761 14
761 28
762 0
763 0
764 0
765 0
765 8
766 8
767 7
768 7
769 7
770 8
771 0
772 0
773 0
774 0
775 0
776 0
777 0
778 34
779 0
780 0
781 0
781 6
782 7
783 1
783 5
784 0
785 4
786 0
787 35
788 8
789 1
789 5
789 8
790 8
791 0
791 14
791 28
792 0
793 4
793 18
794 0
795 0
796 0
797 1
797 5
798 7
798 12
799 0
799 8
800 0
800 8
801 0
801 19
802 0
803 0
804 0
805 0
805 28
806 1
806 5
807 5
807 8
808 0
809 0
809 8
810 0
811 0
812 7
812 12
813 0
814 0
815 14
815 19
816 5
816 8
817 0
817 19
818 7
819 7
820 4
821 1
821 5
822 0
823 4
824 7
825 1
825 5
825 8
826 8
827 0
827 7
827 12
827 28
828 0
829 7
830 0
830 8
831 1
831 5
832 0
833 1
833 5
834 0
835 0
836 8
837 0
838 0
838 14
838 19
838 28
838 33
839 0
839 8
840 7
841 0
841 8
841 28
842 7
843 11
844 1
844 5
845 2
846 8
847 7
847 12
848 7
849 0
850 7
851 0
852 14
852 19
853 0
854 14
854 19
855 1
855 5
856 8
857 7
858 8
859 0
860 0
860 14
860 19
861 0
862 0
862 19
863 0
863 8
863 28
864 1
864 5
865 0
866 8
866 14
867 0
868 1
868 5
869 0
870 0
871 0
872 0
872 8
873 0
873 6
874 0
874 14
874 19
875 0
876 4
877 4
878 8
879 1
879 5
880 0
880 8
880 19
880 28
881 0
881 4
882 0
882 8
882 19
882 28
883 7
884 0
884 14
885 8
886 0
887 4
888 0
888 8
889 0
890 0
891 7
892 0
892 19
892 28
893 0
893 28
894 0
894 4
895 7
896 7
897 0
898 0
898 8
899 0
900 0
900 8
901 7
901 12
902 7
902 12
903 7
904 8
905 1
905 5
906 0
907 1
907 5
908 14
908 19
909 0
909 14
909 19
910 4
911 7
912 0
913 0
913 5
913 14
914 0
914 8
914 28
915 2
915 14
916 7
917 7
918 7
918 12
919 0
919 14
919 19
920 1
920 5
920 8
921 0
922 5
923 0
924 0
925 8
926 0
927 7
928 6
929 14
929 19
930 0
930 7
930 12
930 14
930 28
931 0
931 8
931 14
932 8
933 0
934 0
935 0
935 8
936 27
937 7
938 8
939 0
939 14
940 0
941 12
942 0
943 7
944 0
945 8
946 0
946 4
946 8
947 0
948 7
949 0
950 0
950 14
950 28
951 5
952 14
953 6
954 33
955 0
955 8
956 8
957 0
957 14
958 1
958 5
959 1
959 5
960 8
961 7
962 0
962 28
963 4
964 0
964 1
964 4
964 14
964 28
965 0
966 0
966 8
967 12
968 8
968 14
968 19
969 0
970 0
970 14
970 28
971 7
972 26
973 8
974 0
975 4
976 0
977 0
977 8
978 8
979 7
980 0
980 14
980 19
981 14
981 19
982 1
982 5
982 14
983 0
984 0
984 8
984 28
985 4
986 0
986 14
987 0
987 14
988 0
988 8
988 28
989 0
990 0
991 4
992 0
993 14
993 19
994 0
994 4
994 28
995 5
996 7
997 7
998 0
999 14
999 19
1000 7
1001 8
1002 0
1003 7
1004 14
1004 19
1005 0
1006 0
1007 0
1008 0
1008 8
1008 14
1008 28
1009 0
1009 19
1009 28
1010 0
1011 7
1011 12
1012 4
1013 0
1013 8
1014 5
1014 14
1014 19
1015 12
1016 0
1017 0
1018 0
1018 14
1018 19
1019 0
1020 7
1020 12
1020 28
1021 0
1022 5
1022 28
1023 7
1024 1
1024 5
1025 4
1025 8
1026 1
1026 5
1027 7
1028 0
1029 14
1029 19
1030 0
1030 8
1031 14
1031 19
1032 7
1033 6
1034 0
1035 0
1036 0
1036 19
1036 28
1037 0
1038 7
1039 0
1040 0
1041 0
1042 8
1043 0
1044 2
1044 4
1044 8
1045 4
1046 0
1047 8
1048 7
1049 0
1050 8
1051 0
1052 1
1053 7
1053 12
1054 14
1054 19
1055 0
1055 8
1055 14
1056 0
1056 14
1056 19
1057 14
1057 19
1058 14
1058 19
1059 0
1059 8
1059 14
1059 19
1060 7
1061 0
1062 0
1063 0
1064 7
1065 8
1066 0
1067 0
1068 2
1069 22
1070 8
1071 7
1072 7
1073 4
1074 0
1075 8
1076 0
1077 0
1077 8
1077 28
1078 7
1079 0
1080 0
1080 5
1080 19
1080 28
1080 33
1081 0
1082 0
1082 6
1083 7
1084 7
1085 1
1085 5
1086 8
1087 1
1087 5
1088 7
1089 0
1089 8
1090 0
1091 8
1092 0
1093 4
1093 8
1094 33
1095 0
1096 0
1097 28
1098 0
1098 14
1098 19
1099 7
1100 0
1100 14
1101 0
1102 36
1103 7
1104 0
1104 19
1105 0
1106 0
1106 4
1106 8
1106 29
1107 0
1108 36
1109 23
1110 1
1110 5
1110 8
1111 0
1111 14
1112 14
1112 19
1113 0
1113 6
1114 1
1114 5
1115 7
1115 12
1116 0
1117 0
1117 14
1118 0
1119 0
1119 8
1119 28
1120 8
1121 8
1122 0
1122 14
1122 19
1123 1
1123 5
1123 8
1124 0
1125 7
1126 7
1127 0
1128 8
1129 0
1130 1
1130 5
1131 8
1132 1
1132 5
1133 0
1133 4
1133 19
1133 28
1134 0
1134 1
1134 5
1134 14
1135 1
1135 5
1136 1
1136 5
1137 0
1138 7
1139 1
1139 5
1140 12
1141 0
1141 7
1141 12
1141 14
1141 28
1142 6
1143 0
1144 0
1144 8
1145 1
1145 5
1146 8
1147 1
1147 5
1148 7
1149 8
1150 7
1151 0
1152 0
1153 0
1154 7
1155 0
1156 1
1156 5
1157 7
1158 0
1159 7
1160 7
1161 0
1161 8
1161 19
1162 8
1163 12
1164 6
1165 14
1165 19
1166 0
1167 8
1168 6
1169 0
1169 14
1170 0
1170 8
1170 28
1171 14
1171 19
1172 8
1173 14
1173 19
1174 0
1175 8
1176 7
1177 0
1177 14
1178 5
1179 8
1180 7
1180 12
1181 8
1182 7
1183 8
1184 7
1184 12
1185 1
1185 5
1186 0
1187 8
1188 8
1189 0
1190 7
1191 1
1191 5
1191 8
1192 0
1192 14
1192 19
1193 14
1193 19
1194 7
1195 0
1195 14
1195 19
1196 0
1197 12
1198 7
1199 1
1200 7
1201 0
1202 4
1203 0
1203 28
1204 33
1205 14
1206 7
1207 6
1208 7
1209 4
1209 8
1210 8
1211 7
1212 8
1213 0
1213 14
1214 0
1215 9
1216 4
1217 1
1217 5
1217 8
1218 4
1219 7
1220 0
1221 0
1222 0
1222 28
1223 7
1224 0
1225 0
1226 4
1227 0
1228 0
1229 0
1230 0
1231 12
1232 8
1233 7
1234 14
1234 19
1235 0
1236 0
1237 0
1238 0
1238 14
1239 8
1240 0
1241 1
1241 5
1242 7
1243 4
1244 1
1244 5
1245 1
1245 5
1246 4
1247 0
1248 0
1249 0
1249 14
1249 19
1250 4
1251 0
1251 28
1252 2
1253 1
1253 5
1254 0
1255 1
1256 4
1257 8
1258 4
1258 9
1259 0
1260 0
1261 4
1262 1
1262 5
1262 8
1263 7
1264 0
1265 7
1266 7
1267 0
1268 0
1269 0
1269 7
1269 8
1269 28
1270 0
1271 0
1272 0
1272 14
1272 19
1273 8
1274 0
1274 8
1275 0
1276 0
1276 8
1277 7
1278 0
1279 7
1280 14
1280 19
1281 0
1282 0
1283 14
1283 19
1284 6
1285 0
1286 0
1287 0
1288 0
1289 7
1290 0
1291 0
1292 5
1293 0
1294 0
1295 0
1295 6
1295 8
1296 4
1297 1
1297 5
1297 8
1298 0
1299 0
1299 14
1300 0
1300 4
1300 14
1301 8
1302 0
1303 0
1304 0
1304 14
1304 19
1305 0
1305 6
1306 4
1306 8
1307 0
1307 4
1308 0
1308 8
1309 0
1310 7
1311 7
1312 0
1313 0
1314 0
1315 0
1315 8
1316 0
1316 28
1317 0
1317 14
1318 0
1318 8
1319 7
1319 12
1320 1
1320 5
1321 0
1322 0
1323 8
1324 0
1325 7
1325 12
1326 7
1326 12
1327 33
1328 4
1329 2
1329 4
1330 0
1331 0
1332 7
1333 4
1334 0
1334 14
1335 0
1335 28
1336 7
1337 0
1337 28
1338 1
1338 5
1339 7
1340 0
1341 7
1341 12
1342 7
1343 7
1344 14
1344 19
1345 7
1346 7
1347 1
1347 5
1348 14
1348 19
1349 12
1350 0
1350 8
1351 8
1352 0
1352 19
1352 28
1353 0
1354 33
1355 0
1356 7
1357 0
1358 7
1359 8
1360 7
1361 4
1362 0
1362 1
1362 5
1362 14
1363 0
1363 28
1364 0
1365 7
1366 12
1367 12
1368 0
1368 14
1368 19
1369 7
1370 0
1370 1
1370 28
1371 7
1372 34
1373 7
1374 0
1374 14
1374 19
1375 0
1375 6
1376 0
1377 25
1378 0
1379 0
1380 0
1380 19
1381 8
1382 0
1382 14
1383 7
1384 0
1384 14
1385 0
1386 7
1387 0
1388 0
1388 14
1389 1
1389 5
1390 8
1391 7
1391 28
1392 1
1392 5
1393 33
1394 0
1394 28
1395 0
1395 1
1395 5
1395 19
1396 0
1397 7
1398 0
1399 0
1400 0
1401 4
1402 7
1403 4
1404 5
1404 8
1405 0
1406 0
1407 1
1407 5
1407 8
1408 1
1408 5
1409 4
1410 0
1410 28
1410 33
1411 0
1411 28
1412 0
1412 8
1412 28
1413 1
1413 5
1413 8
1414 7
1415 8
1416 8
1417 7
1418 0
1419 5
1420 0
1420 28
1421 4
1422 0
1423 0
1424 0
1424 14
1424 28
1425 0
1425 14
1426 7
1427 1
1427 5
1428 0
1428 14
1429 7
1429 12
1430 8
1431 0
1432 0
1433 0
1434 0
1435 1
1435 5
1435 8
1436 1
1436 5
1437 0
1437 8
1438 6
1439 0
1440 0
1440 28
1441 7
1442 0
1443 14
1443 19
1444 0
1444 8
1444 28
1445 0
1446 6
1447 8
1448 1
1448 5
1449 1
1449 5
1450 1
1450 5
1451 0
1451 8
1451 28
1452 8
1453 0
1453 28
1454 14
1454 19
1455 0
1455 14
1455 19
1456 0
1457 0
1458 0
1459 0
1460 0
1460 28
1461 8
1462 8
1463 0
1464 0
1465 4
1466 7
1467 1
1467 5
1467 8
1468 0
1469 0
1469 28
1470 2
1471 7
1472 7
1473 0
1473 8
1474 8
1475 0
1475 6
1476 8
1477 0
1478 0
1479 6
1480 8
1481 0
1481 14
1482 1
1483 14
1483 19
1484 0
1485 0
1486 7
1487 0
1487 8
1488 0
1489 1
1489 5
1490 1
1490 5
1491 0
1491 14
1491 19
1492 7
1493 0
1494 7
1495 7
1496 6
1496 8
1497 0
1498 8
1499 0
1500 0
1501 34
1502 0
1502 4
1502 28
1503 0
1503 6
1504 34
1505 7
1506 0
1507 2
1508 0
1509 5
1509 8
1510 0
1511 0
1512 7
1513 0
1514 0
1515 0
1516 0
1517 1
1517 5
1518 1
1518 5
1518 8
1519 0
1520 1
1520 5
1521 0
1522 0
1522 14
1522 19
1523 4
1524 0
1525 0
1525 8
1526 8
1527 0
1527 8
1528 7
1529 0
1529 8
1529 28
1530 0
1531 4
1532 8
1533 7
1534 12
1535 1
1535 5
1536 0
1537 0
1538 7
1539 0
1540 0
1540 14
1541 0
1541 6
1542 0
1543 0
1543 8
1543 28
1544 1
1544 5
1545 7
1546 0
1547 0
1548 0
1548 8
1548 19
1548 28
1549 1
1549 5
1550 8
1551 7
1552 8
1553 0
1554 0
1555 0
1555 14
1555 19
1556 0
1556 14
1557 7
1557 8
1557 28
1558 6
1559 1
1559 5
1560 7
1561 8
1562 7
1563 0
1564 0
1564 14
1565 0
1565 14
1566 0
1566 19
1567 0
1567 1
1567 28
1568 14
1568 19
1569 8
1570 28
1571 0
1571 7
1571 28
1572 0
1573 0
1573 6
1574 8
1575 0
1576 7
1576 28
1577 0
1578 0
1579 6
1580 0
1581 28
1581 32
1582 7
1583 0
1584 0
1585 0
1585 14
1586 1
1586 5
1587 0
1588 0
1589 8
1590 0
1591 4
1592 4
1593 0
1594 8
1595 4
1596 7
1597 5
1597 8
1598 14
1598 19
1599 0
1599 19
1600 0
1601 34
1602 0
1603 0
1603 19
1603 28
1604 0
1604 8
1605 7
1606 0
1607 0
1608 0
1608 28
1609 3
1609 28
1609 33
1610 0
1610 28
1611 0
1612 7
1613 0
1613 8
1614 0
1615 0
1615 14
1615 19
1616 1
1616 5
1616 8
1617 0
1617 8
1617 28
1618 8
1619 0
1619 8
1620 7
1620 28
1621 0
1621 14
1622 0
1623 8
1624 0
1624 8
1625 8
1626 0
1627 34
1628 0
1629 0
1630 0
1631 8
1632 0
1632 7
1632 12
1633 1
1633 5
1634 36
1635 23
1636 1
1636 5
1637 14
1637 19
1638 7
1639 0
1640 0
1641 8
1642 4
1643 0
1644 7
1645 8
1646 0
1647 8
1648 1
1649 0
1649 6
1650 7
1651 7
1652 7
1653 0
1654 0
1655 8
1656 0
1657 0
1657 19
1658 0
1659 4
1660 0
1661 12
1662 8
1663 5
1664 0
1665 0
1666 0
1667 0
1667 1
1667 5
1667 14
1668 0
1668 14
1668 19
1669 0
1670 7
1671 7
1672 0
1673 7
1673 8
1673 12
1673 28
1674 0
1675 7
1676 8
1677 7
1678 8
1679 1
1679 5
1680 0
1680 8
1680 28
1681 8
1682 8
1683 0
1684 0
1684 28
1685 0
1686 0
1687 7
1687 12
1688 8
1689 0
1690 6
1691 0
1692 14
1692 19
1693 7
1693 12
1694 0
1695 1
1695 5
1695 8
1696 8
1697 0
1697 28
1698 0
1699 12
1700 4
1700 19
1701 0
1702 1
1702 5
1703 4
1704 0
1704 28
1705 7
1706 12
1707 0
1708 0
1709 0
1710 14
1710 19
1711 8
1712 8
1713 0
1713 28
1714 7
1714 12
1715 0
1715 14
1716 7
1717 1
1717 5
1718 0
1719 0
1720 0
1720 8
1721 1
1721 5
1722 7
1723 33
1724 0
1725 6
1726 0
1726 14
1727 0
1728 0
1729 0
1729 1
1729 28
1730 0
1730 14
1730 19
1731 14
1731 19
1732 1
1732 5
1733 7
1734 8
1735 12
1736 6
1737 0
1738 0
1739 0
1740 7
1741 7
1742 0
1743 7
1744 1
1744 5
1745 1
1745 5
1746 7
1747 14
1748 1
1748 5
1749 7
1750 8
1751 0
1752 8
1753 8
1754 0
1754 14
1754 19
1755 32
1755 38
1756 0
1757 0
1757 7
1758 34
1759 1
1759 5
1760 7
1761 0
1762 4
1763 0
1764 1
1764 5
1765 4
1766 2
1767 0
1767 8
1768 8
1769 7
1769 12
1770 8
1771 0
1772 7
1773 0
1773 14
1774 1
1775 1
1775 5
1776 0
1776 14
1777 7
1777 12
1778 0
1778 8
1778 19
1779 0
1779 12
1779 19
1780 0
1780 4
1780 19
1780 28
1781 0
1782 6
1782 8
1783 8
1784 8
1785 0
1786 7
1787 0
1787 14
1788 0
1789 0
1789 28
1790 7
1790 28
1791 0
1792 0
1792 14
1792 19
1792 28
1793 1
1793 5
1794 0
1795 8
1796 12
1797 8
1798 0
1798 14
1798 19
1799 0
1799 14
1800 7
1801 8
1802 6
1803 0
1803 8
1804 8
1805 0
1806 12
1807 8
1808 0
1809 36
1810 0
1811 7
1812 8
1813 0
1813 8
1813 14
1814 0
1815 0
1816 0
1816 8
1817 0
1818 0
1818 6
1819 0
1819 28
1820 0
1821 0
1822 8
1823 0
1824 3
1824 9
1825 8
1826 28
1827 8
1828 33
1829 7
1830 14
1830 19
1831 0
1831 14
1831 19
1832 0
1833 1
1833 5
1834 0
1834 7
1834 8
1834 28
1835 0
1836 0
1837 5
1838 0
1838 28
1839 0
1840 0
1841 0
1842 8
1843 1
1843 5
1844 4
1845 8
1846 7
1847 1
1847 5
1847 8
1848 4
1849 8
1850 14
1850 19
1851 1
1851 5
1851 8
1852 12
1853 7
1854 0
1855 4
1856 0
1857 0
1857 8
1858 0
1858 14
1858 19
1859 0
1859 8
1860 1
1860 5
1861 0
1862 1
1862 5
1862 8
1863 28
1864 0
1865 0
1865 8
1866 0
1866 28
1867 0
1868 1
1868 5
1868 8
1869 0
1869 5
1870 0
1870 6
1871 7
1872 0
1872 8
1873 8
1874 0
1875 0
1876 4
1877 7
1878 0
1879 0
1880 7
1881 6
1882 0
1883 0
1883 8
1883 28
1884 0
1884 19
1885 0
1885 28
1886 0
1887 0
1888 0
1889 0
1889 8
1889 28
1890 0
1891 7
1892 0
1893 0
1894 0
1895 0
1895 14
1896 0
1897 0
1897 28
1898 0
1899 8
1900 8
1901 8
1902 0
1903 0
1904 0
1905 0
1906 0
1907 14
1908 0
1908 8
1909 8
1910 0
1911 7
1912 0
1912 6
1912 8
1913 4
1914 7
1915 0
1915 28
1916 0
1916 7
1916 8
1917 1
1917 5
1918 2
1918 4
1919 0
1919 14
1919 28
1920 6
1921 0
1922 0
1922 8
1922 28
1923 7
1924 2
1925 8
1926 0
1926 28
1927 8
1928 0
1928 7
1928 12
1929 1
1929 5
1930 8
1931 0
1931 7
1931 12
1931 28
1932 7
1933 0
1934 0
1934 6
1935 0
1936 2
1937 8
1938 0
1939 7
1940 7
1941 0
1942 0
1943 0
1944 0
1945 0
1945 6
1946 0
1947 0
1947 14
1947 28
1948 0
1948 14
1949 7
1950 0
1951 0
1952 0
1953 0
1954 4
1955 5
1955 8
1956 7
1957 8
1958 0
1959 0
1960 1
1960 5
1960 8
1961 0
1962 7
1963 5
1963 8
1964 7
1965 0
1966 1
1966 5
1967 1
1967 5
1968 0
1968 14
1969 7
1970 0
1971 12
1972 7
1973 0
1973 4
1973 28
1974 8
1975 0
1975 7
1975 12
1976 8
1977 0
1977 14
1978 7
1978 12
1979 0
1980 14
1980 19
1981 0
1982 12
1983 0
1984 1
1984 5
1985 4
1986 5
1987 6
1988 0
1989 0
1990 0
1990 6
1991 0
1991 8
1992 0
1992 14
1992 28
1993 4
1994 8
1995 1
1995 5
1995 8
1996 0
1997 0
1998 4
1999 0
2000 0
2001 0
2002 1
2002 5
2003 0
2004 0
2004 14
2004 19
2005 0
2005 28
2006 0
2006 28
2007 1
2007 5
2008 0
2009 0
2010 8
2011 0
2011 8
2012 0
2012 8
2013 7
2014 0
2015 0
2016 7
2017 6
2018 8
2019 1
2019 5
2020 0
2021 8
2022 0
2022 6
2023 0
2024 0
2024 28
2025 8
2026 7
2027 0
2028 0
2029 8
2030 8
2031 17
2032 0
2032 28
2033 8
2034 0
2035 7
2036 8
2036 28
2037 7
2038 0
2038 7
2039 8
2040 0
2041 8
2042 8
2043 7
2044 1
2044 5
2044 8
2045 0
2046 0
2047 1
2047 5
2048 4
2048 14
2049 0
2050 0
2051 0
2052 33
2053 12
2054 6
2055 0
2056 0
2057 8
2058 0
2059 0
2060 36
2061 8
2062 7
2063 6
2064 0
2064 28
2065 1
2065 5
2066 7
2066 12
2067 0
2068 1
2068 5
2069 0
2069 8
2069 28
2070 7
2071 8
2072 0
2072 28
2073 7
2074 0
2074 28
2075 8
2076 0
2076 8
2077 0
2077 8
2077 28
2078 0
2079 4
2080 0
2080 8
2081 7
2081 12
2081 28
2082 0
2083 1
2083 5
2084 7
2085 0
2086 0
2086 6
2087 0
2088 0
2089 0
2090 0
2091 0
2092 0
2093 0
2094 0
2095 8
2096 7
2097 1
2097 5
2098 0
2099 1
2099 5
2100 0
2101 0
2102 0
2102 14
2103 0
2103 14
2104 0
2105 0
2106 0
2106 5
2107 7
2108 4
2109 0
2110 4
2111 14
2111 19
2112 6
2113 1
2113 5
2114 0
2114 19
2115 8
2116 1
2116 5
2117 0
2118 4
2119 0
2120 6
2121 8
2122 7
2123 7
2124 0
2124 1
2125 0
2126 7
2127 1
2127 5
2128 8
2129 0
2129 8
2129 28
2130 1
2131 0
2131 7
2132 8
2133 7
2134 36
2135 1
2135 5
2136 0
2136 8
2136 14
2137 0
2137 8
2138 0
2139 1
2140 7
2141 0
2142 7
2143 0
2143 14
2144 6
2145 1
2145 5
2146 0
2147 0
2148 0
2148 6
2149 8
2150 7
2151 0
2152 0
2153 0
2154 7
2155 0
2156 14
2156 19
2157 6
2158 0
2159 7
2159 12
2160 0
2160 8
2161 0
2161 8
2161 19
2162 8
2163 8
2164 2
2165 0
2165 8
2166 7
2167 0
2168 0
2169 0
2169 19
2169 28
2170 8
2171 8
2172 8
2173 8
2174 0
2175 0
2176 0
2176 6
2177 8
2178 0
2178 28
2179 2
2180 0
2180 8
2180 28
2181 7
2181 12
2182 7
2183 0
2183 28
2184 8
2185 14
2185 19
2186 0
2187 1
2188 5
2189 1
2190 8
2191 0
2191 19
2192 1
2192 5
2193 28
2194 0
2194 28
2195 7
2196 7
2197 0
2197 19
2198 4
2199 1
2199 5
2199 8
2200 7
2200 28
2201 0
2202 8
2203 0
2204 7
2205 1
2205 5
2206 0
2207 8
2208 14
2208 19
2209 7
2209 12
2210 0
2210 28
2211 0
2212 0
2213 0
2214 12
2215 8
2216 0
2216 14
2216 28
2217 0
2218 7
2219 8
2220 7
2221 0
2221 14
2222 8
2223 36
2224 8
2225 0
2225 28
2226 0
2226 28
2227 0
2228 1
2228 5
2229 7
2230 0
2231 7
2232 0
2233 1
2233 5
2234 0
2235 0
2235 28
2236 0
2237 0
2238 0
2238 14
2238 19
2239 0
2240 0
2241 7
2242 0
2243 0
2244 12
2245 7
2246 0
2246 8
2247 1
2247 5
2248 0
2249 7
2250 0
2250 28
2251 1
2251 5
2252 7
2253 7
2254 0
2254 8
2254 14
2254 19
2255 0
2256 0
2257 1
2257 5
2258 12
2259 0
2260 3
2260 28
2261 7
2262 0
2263 6
2264 1
2264 5
2265 7
2266 7
2267 7
2268 1
2269 7
2270 0
2270 8
2270 28
2271 7
2272 8
2273 14
2273 19
2274 14
2275 1
2275 5
2276 0
2277 14
2278 12
2279 4
2280 4
2281 0
2282 7
2283 4
2283 8
2284 0
2284 8
2285 0
2286 14
2286 19
2287 0
2287 6
2288 0
2289 0
2289 6
2290 0
2291 12
2292 7
2293 7
2294 0
2295 0
2295 6
2295 8
2296 1
2296 5
2297 1
2297 5
2297 8
2298 0
2298 8
2299 0
2299 28
2300 7
2301 1
2301 5
2302 0
2303 0
2304 1
2304 5
2305 0
2306 0
2307 7
2307 12
2308 7
2309 4
2310 0
2311 4
2312 8
2313 7
2314 7
2315 0
2315 8
2316 7
2317 0
2318 0
2319 32
2320 1
2320 5
2321 1
2321 5
2322 1
2322 5
2323 0
2324 0
2325 0
2326 8
2327 0
2328 0
2329 1
2329 5
2329 8
2330 14
2330 19
2331 8
2332 0
2333 1
2333 5
2334 0
2335 7
2336 8
2337 0
2338 0
2339 1
2339 5
2340 0
2340 19
2340 28
2341 0
2342 3
2342 28
2343 12
2344 7
2344 12
2345 0
2346 0
2346 28
2347 0
2348 7
2349 1
2349 5
2350 1
2350 5
2351 0
2351 8
2352 7
2352 14
2353 7
2353 12
2354 7
2355 0
2355 14
2355 19
2356 0
2357 14
2358 0
2359 8
2360 8
2361 8
2362 7
2363 8
2364 7
2365 14
2365 19
2366 6
2366 8
2367 0
2368 0
2369 0
2369 28
2370 0
2370 8
2370 28
2371 0
2371 8
2372 0
2372 4
2373 7
2374 1
2374 5
2375 4
2376 0
2377 7
2378 1
2378 5
2379 7
2380 7
2381 8
2382 8
2383 1
2383 5
2384 0
2385 0
2386 0
2387 0
2388 1
2388 5
2389 7
2390 0
2390 14
2391 7
2392 0
2392 8
2393 1
2393 5
2394 8
2395 7
2396 0
2397 14
2398 7
2399 6
2400 14
2401 8
2402 0
2403 0
2403 14
2404 8
2404 28
2405 0
2406 7
2407 14
2407 19
2408 0
2409 0
2409 8
2410 7
2411 4
2412 7
2413 8
2414 4
2415 0
2415 28
2416 1
2416 5
2417 6
2418 0
2419 0
2419 28
2420 0
2420 14
2420 19
2421 0
2422 5
2423 1
2423 5
2424 4
2425 6
2426 7
2427 0
2428 8
2429 6
2430 8
2431 4
2432 6
2433 1
2433 5
2434 1
2434 5
2435 1
2435 5
2436 7
2437 0
2438 0
2438 1
2439 1
2439 5
2440 7
2440 12
2441 0
2442 0
2443 7
2444 8
2444 14
2445 0
2445 6
2446 12
2447 1
2447 5
2448 0
2448 14
2448 19
2449 0
2449 14
2450 0
2450 14
2451 7
2451 12
2452 0
2453 0
2454 8
2455 0
2455 28
2456 8
2456 14
2457 0
2458 7
2459 4
2460 0
2461 7
2461 12
2462 0
2463 7
2464 0
2465 8
2466 0
2467 8
2468 0
2468 8
2469 8
2470 0
2471 0
2472 8
2473 4
2474 1
2474 5
2475 1
2475 5
2476 0
2477 0
2477 14
2478 0
2479 8
2480 0
2481 0
2482 0
2482 14
2483 0
2483 28
2484 0
2485 0
2486 0
2487 4
2488 0
2488 6
2489 1
2489 5
2490 0
2491 8
2492 0
2492 8
2492 28
2493 8
2494 8
2495 7
2496 0
2497 0
2498 0
2498 28
2499 7
2500 0
2500 19
2501 0
2502 7
2503 8
2504 0
2505 0
2506 0
2507 0
2508 0
2508 4
2509 4
2510 1
2510 5
2510 8
2511 0
2512 1
2512 5
2513 0
2513 8
2514 7
2514 12
2515 0
2516 14
2516 19
2517 0
2517 8
2518 0
2518 8
2519 7
2520 0
2520 14
2520 19
2520 28
2521 2
2522 8
2523 0
2524 7
2524 28
2525 0
2525 4
2526 0
2527 0
2528 7
2528 12
2529 7
2529 28
2530 0
2530 28
2531 0
2532 8
2533 14
2533 19
2534 7
2535 7
2536 5
2537 0
2538 1
2538 14
2539 0
2539 28
2540 0
2541 5
2542 0
2543 0
2543 28
2544 0
2545 8
2546 0
2546 8
2547 7
2548 1
2549 0
2550 0
2551 8
2552 0
2553 7
2554 20
2555 0
2555 8
2556 0
2557 0
2558 0
2558 14
2559 0
2560 0
2561 0
2562 0
2563 0
2564 0
2565 0
2566 7
2566 12
2566 28
2567 14
2568 0
2568 8
2569 8
2570 0
2571 0
2572 0
2572 14
2573 0
2573 8
2574 0
2575 7
2576 0
2577 1
2577 5
2578 0
2579 19
2580 7
2581 0
2582 8
2583 8
2584 6
2585 12
2586 1
2586 5
2586 8
2587 7
2587 12
2588 1
2588 8
2589 0
2590 0
2591 0
2592 0
2593 6
2594 0
2595 0
2595 1
2595 5
2596 0
2596 14
2596 19
2597 0
2597 14
2598 0
2598 8
2598 28
2599 7
2599 12
2600 6
2601 0
2602 14
2602 19
2603 0
2603 14
2604 1
2605 0
2605 28
2606 8
2607 0
2608 14
2609 7
2610 12
2611 6
2612 1
2612 5
2613 0
2614 12
2615 0
2616 6
2617 5
2618 0
2618 14
2619 19
2620 7
2621 0
2622 1
2623 6
2624 5
2624 8
2625 0
2625 14
2626 0
2627 1
2627 5
2628 7
2629 7
2630 0
2631 8
2632 0
2632 28
2633 1
2633 5
2634 23
2635 8
2636 8
2637 0
2638 4
2638 8
2639 1
2639 5
2640 0
2640 28
2641 0
2642 14
2642 19
2643 0
2643 14
2644 1
2644 5
2645 0
2646 14
2647 0
2648 8
2649 0
2650 0
2651 0
2651 8
2652 7
2653 8
2654 0
2654 28
2655 0
2655 28
2656 0
2657 0
2657 28
2658 1
2658 5
2659 0
2660 14
2660 19
2661 1
2661 5
2662 8
2663 0
2664 5
2665 1
2665 5
2666 0
2666 8
2667 4
2668 1
2668 5
2669 7
2670 4
2671 7
2672 7
2673 7
2674 8
2675 1
2676 0
2677 0
2678 4
2679 7
2680 7
2681 0
2682 8
2683 0
2684 0
2685 0
2686 0
2687 7
2688 7
2689 8
2690 8
2691 0
2692 0
2692 28
2693 6
2694 0
2695 0
2696 12
2697 1
2697 5
2698 7
2699 0
2700 14
2701 0
2702 12
2703 0
2703 6
2704 12
2705 8
2706 0
2707 7
2707 28
2708 6
2709 8
2710 0
2711 0
2711 14
2712 0
2713 0
2714 0
2714 28
2715 28
2716 0
2716 28
2717 0
2718 0
2718 28
2719 0
2720 0
2721 0
2722 8
2723 1
2723 5
2723 8
2724 0
2725 4
2726 0
2727 1
2727 5
2728 8
2729 0
2729 8
2730 1
2730 5
2731 0
2732 0
2733 0
2734 7
2735 0
2735 14
2736 0
2736 19
2736 28
2737 0
2738 0
2739 0
2739 28
2740 7
2740 28
2741 0
2742 0
2742 8
2742 28
2743 0
2743 8
2743 28
2744 14
2745 0
2745 6
2746 7
2747 7
2748 0
2749 7
2750 7
2751 0
2751 28
2752 0
2753 0
2754 0
2755 8
2756 5
2757 8
2758 0
2759 7
2760 28
2761 0
2762 0
2762 19
2763 0
2764 0
2764 14
2764 28
2765 0
2766 14
2766 19
2767 1
2767 5
2768 0
2768 4
2768 7
2768 14
2769 8
2769 14
2769 19
2770 0
2771 0
2771 28
2772 8
2773 0
2773 28
2774 7
2775 0
2775 7
2776 0
2777 17
2778 8
2779 8
2780 4
2781 7
2782 7
2783 0
2783 7
2784 8
2784 28
2785 8
2786 7
2787 0
2787 6
2788 7
2789 0
2789 14
2789 28
2790 0
2791 0
2792 28
2793 0
2794 1
2794 5
2794 8
2795 0
2796 28
2797 28
2798 8
2799 0
2800 0
2800 8
2800 28
2801 4
2802 1
2802 5
2803 8
2804 6
2804 8
2805 0
2806 0
2806 28
2807 4
2808 8
2809 5
2810 0
2811 0
2812 0
2812 8
2813 0
2813 19
2814 7
2814 12
2815 8
2816 8
2817 14
2817 19
2818 0
2819 7
2820 5
2820 8
2821 0
2821 19
2822 28
2823 0
2823 1
2823 8
2823 19
2824 0
2824 14
2825 0
2825 28
2826 0
2827 7
2828 8
2828 28
2829 0
2830 0
2830 28
2831 1
2831 5
2832 0
2832 4
2832 8
2833 0
2833 14
2834 6
2835 4
2836 4
2837 8
2838 0
2839 8
2840 4
2841 7
2842 4
2843 14
2843 19
2844 0
2844 7
2845 1
2845 8
2846 7
2847 8
2848 0
2849 7
2850 0
2851 0
2851 8
2852 7
2853 1
2853 5
2854 0
2855 0
2856 0
2857 0
2858 0
2859 0
2859 6
2860 0
2861 0
2862 0
2862 8
2863 8
2864 5
2864 8
2865 0
2866 14
2866 19
2867 12
2868 8
2869 5
2869 8
2870 0
2871 4
2872 7
2873 7
2874 0
2875 8
2876 1
2876 5
2877 7
2877 12
2878 0
2879 0
2880 0
2881 0
2881 6
2882 8
2883 0
2883 6
2884 0
2884 14
2884 19
2885 0
2886 0
2887 0
2887 28
2888 0
2888 28
2889 1
2890 0
2891 4
2892 0
2893 6
2894 0
2895 0
2895 8
2895 28
2896 8
2897 7
2898 0
2899 7
2900 8
2901 4
2902 7
2903 7
2904 4
2905 0
2906 7
2907 0
2908 8
2909 4
2910 4
2911 0
2912 0
2913 8
2914 1
2914 5
2915 0
2915 8
2916 0
2917 14
2917 19
2918 0
2918 14
2919 28
2920 8
2921 0
2922 0
2922 6
2923 12
2924 0
2925 8
2926 0
2927 0
2928 1
2928 5
2929 8
2930 7
2931 4
2932 1
2932 5
2933 7
2933 12
2934 7
2935 8
2936 4
2937 0
2938 5
2938 8
2939 7
2940 5
2941 0
2942 0
2942 8
2943 0
2943 28
2944 7
2945 7
2946 1
2946 5
2947 12
2948 0
2949 0
2950 0
2951 7
2952 8
2953 0
2954 7
2955 7
2956 1
2956 5
2956 8
2957 14
2957 19
2958 7
2959 1
2959 5
2960 7
2961 0
2962 0
2962 7
2963 4
2964 0
2965 0
2965 7
2965 14
2966 0
2966 28
2967 8
2968 0
2969 0
2970 0
2971 5
2972 8
2973 32
2974 7
2975 0
2976 7
2977 7
2978 0
2978 28
2979 14
2979 19
2980 0
2980 28
2981 8
2982 14
2982 19
2983 7
2984 7
2985 36
2986 0
2987 0
2987 14
2987 19
2988 4
2988 8
2989 0
2990 12
2991 0
2991 1
2991 5
2991 28
2992 8
2993 4
2994 0
2994 14
2995 0
2996 0
2997 8
2998 4
2999 6
3000 0
3000 28
3001 5
3002 4
3003 5
3004 8
3005 7
3006 0
3007 7
3008 8
3009 14
3009 19
3010 0
3011 8
3012 1
3012 5
3013 0
3014 0
3014 14
3015 0
3015 4
3015 28
3016 5
3016 8
3017 7
3018 8
3018 28
3019 7
3020 0
3021 4
3022 0
3023 0
3023 4
3023 28
3024 0
3025 0
3026 0
3027 0
3028 0
3028 28
3029 0
3030 7
3030 12
3031 0
3031 28
3032 0
3033 0
3033 8
3034 6
3035 0
3036 0
3037 0
3038 7
3039 7
3040 0
3041 0
3041 14
3042 1
3043 8
3043 28
3044 1
3044 5
3045 14
3046 0
3047 0
3047 8
3048 7
3048 12
3049 14
3049 19
3050 0
3051 8
3052 0
3052 4
3052 28
3053 0
3054 1
3054 5
3055 14
3055 19
3056 1
3056 5
3057 6
3058 1
3058 5
3059 0
3059 28
3060 8
3061 7
3061 28
3062 0
3063 0
3064 8
3065 0
3066 8
3066 28
3067 0
3068 8
3069 7
3070 0
3071 0
3071 14
3072 0
3073 7
3074 0
3075 8
3076 7
3077 1
3077 5
3078 0
3079 0
3080 0
3080 8
3081 0
3082 0
3083 0
3084 0
3085 0
3086 6
3086 8
3087 0
3087 14
3088 0
3089 0
3089 7
3090 0
3090 8
3091 12
3092 7
3093 0
3094 6
3095 0
3096 12
3097 6
3098 7
3099 0
3100 1
3100 5
3101 0
3102 0
3103 14
3103 19
3104 0
3104 14
3105 0
3106 0
3107 1
3107 5
3108 0
3109 0
3110 4
3111 7
3112 19
3112 28
3113 7
3114 0
3115 8
3116 1
3116 5
3117 0
3118 0
3119 0
3120 0
3121 7
3122 7
3123 0
3124 0
3124 2
3124 19
3125 0
3126 7
3127 0
3128 7
3129 0
3129 8
3130 0
3131 7
3132 0
3133 0
3134 0
3135 8
3136 1
3136 5
3137 0
3138 0
3139 7
3140 8
3141 5
3142 0
3143 6
3144 5
3144 8
3145 8
3146 8
3147 0
3148 4
3149 14
3149 19
3150 14
3150 19
3151 1
3151 5
3152 14
3152 19
3153 7
3154 0
3154 8
3155 8
3156 6
3157 0
3158 0
3159 7
3160 8
3161 0
3162 0
3162 14
3163 6
3163 8
3164 0
3164 28
3165 8
3165 14
3166 5
3167 0
3168 7
3169 12
3170 8
3171 0
3172 8
3173 8
3174 0
3175 0
3176 0
3176 7
3177 0
3177 28
3178 0
3178 28
3179 0
3180 5
3181 0
3182 0
3183 7
3184 5
3185 0
3186 7
3187 7
3188 7
3189 0
3190 5
3191 14
3191 19
3192 1
3192 5
3193 7
3193 14
3193 28
3194 0
3195 0
3195 28
3196 14
3196 19
3197 0
3198 5
3199 1
3199 5
3200 0
3201 8
3202 7
3203 14
3204 8
3205 28
3206 7
3207 0
3208 7
3209 7
3210 8
3211 7
3212 12
3213 5
3214 14
3214 19
3215 7
3216 14
3217 8
3218 1
3218 5
3219 7
3220 8
3221 8
3222 0
3223 7
3224 5
3225 19
3226 0
3227 0
3227 14
3228 5
3229 0
3230 8
3231 7
3232 7
3233 0
3234 8
3235 8
3236 7
3237 14
3237 19
3238 0
3239 0
3239 8
3240 0
3241 7
3242 14
3243 1
3243 5
3243 8
3244 5
3245 0
3246 6
3247 7
3248 0
3248 14
3249 0
3250 5
3251 14
3252 0
3253 7
3254 8
3255 8
3255 28
3256 0
3256 14
3257 0
3258 8
3259 14
3259 19
3260 5
3261 7
3262 14
3263 12
3264 14
3265 1
3265 5
3266 0
3267 7
3267 12
3268 7
3269 5
3270 7
3271 0
3271 4
3271 28
3272 8
3273 28
3274 0
3275 8
3276 0
3277 0
3278 0
3279 0
3280 7
3281 0
3282 7
3283 36
3284 0
3285 0
3285 19
3286 1
3286 5
3287 0
3287 28
3288 1
3289 0
3289 4
3290 0
3290 14
3290 19
3291 4
3292 0
3293 0
3293 28
3294 1
3294 8
3294 28
3295 0
3295 8
3296 7
3296 12
3297 7
3298 0
3298 6
3299 8
3300 7
3301 12
3302 0
3303 0
3304 5
3305 0
3305 6
3306 7
3307 14
3307 19
3308 0
3309 0
3309 28
3310 0
3311 0
3312 5
3313 0
3314 0
3314 19
3314 28
3315 14
3316 0
3316 6
3317 0
3318 0
3318 5
3319 8
3320 12
3321 0
3322 7
3323 1
3323 5
3324 0
3325 0
3326 8
3326 19
3326 28
3327 8
3328 0
3329 8
3329 28
3330 0
3331 0
3331 8
3332 0
3333 1
3333 5
3334 0
3335 1
3335 5
3336 14
3336 19
3337 5
3337 8
3338 7
3339 0
3340 14
3341 8
3342 8
3343 7
3343 12
3344 0
3345 4
3346 7
3347 8
3348 14
3349 0
3350 0
3351 8
3352 0
3353 8
3354 7
3355 7
3356 6
3357 8
3358 0
3359 0
3359 8
3360 0
3361 0
3361 28
3362 0
3362 8
3362 28
3363 0
3363 5
3363 28
3364 0
3365 8
3366 0
3367 6
3368 0
3369 8
3370 1
3370 14
3371 0
3372 14
3373 0
3374 0
3375 0
3375 28
3376 0
3376 14
3377 7
3378 0
3379 4
3379 19
3379 28
3380 4
3380 36
3381 7
3381 8
3382 0
3382 28
3383 0
3384 0
3385 7
3385 12
3386 0
3386 28
3387 8
3388 7
3388 12
3389 0
3390 0
3390 8
3391 0
3392 8
3393 0
3393 28
3394 0
3395 0
3396 7
3397 5
3398 0
3399 7
3400 0
3401 0
3401 14
3401 19
3402 0
3403 7
3404 0
3404 8
3404 28
3405 0
3406 0
3407 0
3408 0
3409 0
3409 8
3410 0
3411 8
3412 0
3413 7
3413 12
3414 8
3415 0
3416 7
3417 7
3418 4
3419 0
3419 28
3420 7
3421 8
3422 4
3423 4
3424 4
3424 8
3425 0
3426 0
3426 28
3427 0
3428 8
3429 4
3429 28
3430 8
3431 8
3432 8
3433 0
3433 19
3434 5
3435 8
3436 0
3437 0
3437 8
3437 19
3438 8
3439 14
3439 19
3440 7
3441 7
3442 7
3443 1
3443 5
3444 0
3445 0
3446 0
3447 0
3448 0
3449 0
3450 0
3451 0
3452 0
3453 0
3453 7
3454 0
3455 7
3456 0
3457 0
3457 6
3458 0
3458 8
3459 0
3460 8
3461 5
3462 0
3463 5
3464 6
3465 8
3466 8
3467 0
3467 28
3468 0
3469 4
3470 0
3471 0
3471 8
3471 28
3472 14
3472 19
3473 1
3473 5
3474 0
3475 0
3476 0
3477 0
3478 0
3479 7
3480 0
3480 28
3481 14
3481 19
3482 0
3483 8
3484 0
3485 0
3485 8
3486 1
3486 5
3487 0
3488 8
3489 0
3490 8
3491 0
3491 6
3492 8
3493 0
3494 8
3495 7
3496 0
3497 1
3497 5
3498 5
3498 8
3499 0
3500 7
3501 0
3502 0
3503 14
3503 19
3504 7
3505 7
3506 0
3507 0
3507 14
3507 19
3508 1
3508 5
3509 6
3510 0
3511 5
3511 8
3512 8
3513 7
3514 5
3515 0
3516 7
3517 8
3518 0
3518 14
3519 8
3520 0
3521 0
3522 0
3523 7
3524 0
3525 1
3525 5
3526 0
3527 5
3528 0
3529 7
3530 0
3531 14
3531 19
3532 6
3533 8
3534 6
3535 8
3536 1
3536 5
3537 12
3538 6
3539 7
3540 0
3540 6
3541 0
3542 14
3542 19
3543 1
3544 12
3545 0
3546 1
3546 5
3547 1
3547 5
3547 8
3548 0
3549 12
3550 7
3551 7
3552 0
3553 0
3554 7
3555 0
3556 8
3557 0
3558 8
3559 7
3560 0
3561 0
3562 0
3563 0
3564 0
3565 0
3565 1
3565 19
3566 1
3566 5
3567 12
3568 0
3569 7
3570 7
3571 14
3572 0
3573 12
3574 6
3575 7
3576 4
3577 7
3578 0
3578 28
3579 0
3579 14
3580 0
3581 0
3581 6
3582 5
3583 0
3583 19
3584 8
3585 0
3586 0
3587 4
3588 7
3589 0
3589 6
3590 0
3591 0
3592 8
3593 0
3593 28
3594 0
3595 0
3595 28
3596 8
3597 0
3597 7
3598 7
3599 0
3600 8
3601 0
3601 14
3602 0
3602 28
3603 0
3604 0
3605 7
3606 8
3607 8
3608 0
3609 5
3610 0
3611 0
3612 0
3613 6
3614 8
3615 0
3615 6
3616 14
3616 19
3617 0
3618 8
3619 7
3620 0
3621 8
3622 4
3623 8
3624 0
3625 0
3625 28
3626 0
3627 0
3628 7
3629 14
3629 19
3630 7
3631 0
3632 0
3633 8
3634 0
3635 0
3636 0
3637 4
3638 4
3639 1
3639 5
3639 8
3640 0
3640 28
3641 0
3642 7
3642 12
3643 0
3643 19
3644 0
3645 7
3646 0
3646 6
3647 0
3647 8
3648 0
3649 0
3650 7
3651 0
3652 0
3652 19
3653 7
3654 0
3655 0
3656 0
3657 7
3658 0
3659 1
3660 0
3661 7
3662 7
3663 0
3663 6
3664 7
3665 4
3666 7
3666 12
3667 8
3668 0
3669 14
3670 7
3671 8
3672 8
3673 28
3674 9
3675 8
3676 7
3677 0
3678 8
3679 8
3680 32
3681 0
3682 7
3683 4
3684 0
3684 14
3685 8
3686 0
3686 14
3687 7
3688 6
3689 14
3690 0
3691 7
3692 7
3693 0
3694 15
3695 25
3696 25
3697 0
3698 8
3699 0
3700 0
3700 8
3701 36
3702 26
3703 0
3704 0
3705 31
3705 37
3706 0
3707 0
3708 0
3709 8
3710 1
3710 5
3711 12
3712 14
3713 14
3713 19
3714 7
3715 1
3715 5
3716 14
3717 0
3718 0
3719 1
3719 5
3720 0
3721 8
3722 0
3723 0
3723 28
3724 7
3725 0
3726 0
3727 7
3728 7
3729 7
3730 1
3730 5
3731 1
3732 7
3733 0
3734 4
3735 5
3735 8
3736 8
3737 0
3737 28
3738 0
3738 8
3738 28
3739 0
3739 28
3740 7
3741 1
3741 5
3742 8
3743 0
3744 7
3745 7
3746 0
3747 0
3747 28
3748 0
3749 0
3750 0
3751 6
3752 0
3753 14
3753 19
3754 12
3755 14
3756 0
3757 0
3758 0
3758 28
3759 0
3759 28
3760 7
3761 0
3762 0
3763 0
3764 4
3765 6
3766 0
3767 0
3767 8
3767 28
3768 14
3768 19
3769 0
3770 0
3770 28
3771 4
3772 14
3772 19
3773 7
3774 1
3775 5
3776 5
3777 8
3777 19
3778 12
3779 0
3780 0
3781 8
3782 0
3783 0
3784 7
3785 5
3786 0
3786 14
3787 7
3788 0
3789 8
3790 8
3791 0
3792 7
3793 0
3794 8
3795 7
3796 1
3797 0
3798 4
3799 0
3800 0
3800 19
3801 8
3802 6
3803 7
3804 12
3805 8
3806 6
3807 2
3808 0
3809 0
3809 28
3810 8
3811 23
3812 34
3813 0
3814 0
3815 7
3816 5
3817 8
3818 0
3819 0
3819 19
3820 7
3821 0
3822 0
3822 19
3822 28
3823 7
3824 0
3825 7
3826 0
3827 7
3828 0
3829 8
3830 8
3831 5
3832 0
3833 0
3834 0
3835 14
3836 7
3837 0
3838 5
3839 0
3840 0
3840 7
3841 7
3842 14
3843 7
3844 8
3845 0
3846 0
3846 28
3847 7
3848 7
3849 0
3850 0
3851 0
3852 7
3853 0
3854 14
3854 19
3855 7
3856 0
3856 1
3857 0
3857 6
3858 6
3859 0
3859 28
3860 0
3861 0
3862 0
3863 1
3863 5
3864 7
3865 0
3866 0
3867 1
3868 7
3868 12
3869 7
3870 0
3871 0
3872 0
3873 7
3874 0
3874 28
3875 0
3875 28
3876 7
3877 0
3878 0
3878 7
3879 0
3880 0
3881 7
3882 5
3883 0
3883 8
3883 28
3884 0
3885 28
3886 0
3886 4
3886 28
3887 1
3887 8
3888 23
3889 7
3890 0
3891 0
3892 0
3893 8
3894 6
3895 4
3896 7
3897 0
3898 0
3898 8
3899 7
3900 14
3901 7
3902 0
3902 8
3903 8
3904 0
3905 1
3905 5
3906 7
3907 6
3908 0
3909 0
3910 5
3911 8
3912 0
3913 0
3914 7
3915 4
3916 1
3916 5
3917 0
3918 4
3919 0
3919 6
3919 8
3920 1
3921 1
3921 5
3922 7
3923 7
3924 14
3924 19
3925 6
3925 8
3926 0
3927 0
3928 14
3929 7
3930 0
3930 19
3931 36
3932 14
3933 8
3934 0
3935 7
3936 0
3937 6
3937 8
3938 5
3939 0
3940 0
3940 4
3940 8
3941 7
3942 0
3943 0
3944 12
3945 0
3946 0
3947 0
3948 0
3949 0
3950 7
3951 0
3952 12
3952 28
3953 0
3954 7
3955 1
3955 5
3956 7
3957 8
3958 0
3959 6
3960 0
3961 4
3962 0
3963 7
3964 0
3964 28
3965 0
3966 0
3967 6
3968 0
3968 28
3969 12
3970 0
3971 0
3972 0
3973 7
3974 8
3975 0
3976 14
3976 19
3977 7
3978 12
3979 28
3980 8
3981 5
3982 0
3983 7
3984 0
3985 0
3986 7
3987 7
3988 0
3989 0
3990 6
3991 0
3992 6
3993 14
3994 0
3994 19
3995 7
3995 12
3996 14
3997 14
3998 0
3999 0
3999 14
4000 0
4001 0
4002 0
4003 14
4003 19
4004 7
4005 0
4006 0
4007 0
4007 28
4008 4
4009 0
4010 6
4011 0
4011 7
4012 0
4013 6
4014 0
4015 7
4016 36
4017 8
4018 0
4019 0
4020 5
4021 8
4022 8
4023 0
4023 28
4024 0
4024 7
4024 28
4025 0
4025 2
4026 0
4027 14
4027 19
4028 8
4029 0
4030 0
4031 6
4032 14
4032 19
4033 0
4034 8
4035 2
4035 28
4036 0
4037 0
4038 8
4039 0
4040 7
4041 0
4042 0
4043 8
4044 8
4045 7
4046 5
4047 6
4048 0
4049 8
4050 8
4051 8
4052 28
4053 1
4053 5
4053 8
4054 0
4055 14
4056 7
4057 6
4058 0
4059 8
4060 5
4060 8
4061 0
4061 8
4062 1
4063 6
4064 14
4065 14
4066 7
4067 8
4068 8
4069 7
4069 12
4070 7
4071 14
4072 0
4073 7
4074 7
4075 14
4075 19
4076 8
4077 0
4078 8
4079 7
4080 7
4080 12
4081 1
4081 8
4082 7
4083 0
4084 7
4085 7
4086 6
4087 0
4088 0
4088 14
4089 8
4090 5
4091 0
4092 7
4092 28
4093 0
4094 7
4095 0
4096 0
4096 7
4097 6
4097 8
4098 0
4098 14
4099 0
4100 0
4101 12
4102 0
4103 0
4104 4
4105 6
4106 7
4107 0
4107 8
4108 8
4109 0
4109 8
4110 0
4111 0
4111 8
4112 0
4113 0
4113 28
4114 0
4114 28
4115 4
4116 8
4117 0
4118 0
4119 0
4120 0
4121 0
4122 0
4123 0
4123 14
4124 4
4125 0
4126 0
4127 0
4127 28
4128 28
4129 0
4129 14
4130 0
4130 7
4131 0
4132 8
4133 7
4134 19
4134 28
4135 7
4136 0
4137 7
4138 0
4139 8
4140 0
4141 0
4141 7
4142 4
4143 5
4144 5
4145 7
4146 0
4147 7
4148 14
4149 14
4149 19
4150 8
4151 8
4152 0
4153 0
4154 0
4155 14
4155 19
4156 0
4157 0
4158 8
4159 7
4160 7
4161 0
4162 0
4163 0
4164 7
4165 6
4166 0
4167 8
4168 0
4169 0
4170 0
4171 8
4172 0
4173 7
4174 0
4175 0
4176 7
4177 5
4178 8
4179 0
4180 8
4181 7
4182 0
4182 28
4183 0
4183 28
4184 0
4185 8
4186 8
4187 4
4187 8
4188 0
4189 0
4190 8
4191 0
4192 8
4193 14
4193 19
4194 8
4195 7
4196 0
4197 0
4198 14
4199 12
4200 7
4201 8
4202 0
4203 1
4203 8
4204 4
4205 12
4206 7
4207 0
4208 7
4209 0
4210 8
4211 1
4211 8
4212 0
4213 2
4214 0
4215 0
4216 0
4217 7
4218 8
4219 8
4220 7
4221 0
4221 14
4222 8
4223 6
4224 7
4225 0
4225 8
4225 28
4226 0
4227 8
4228 7
4229 28
4230 7
4230 28
4231 0
4232 8
4233 0
4234 7
4235 0
4235 28
4236 7
4236 12
4237 7
4237 12
4237 28
4238 0
4239 0
4240 0
4240 28
4241 0
4242 0
4242 28
4243 0
4243 8
4243 19
4244 28
4245 8
4246 12
4247 14
4247 28
4248 1
4248 5
4249 0
4250 7
4251 0
4252 0
4253 0
4254 0
4254 28
4255 7
4256 7
4257 0
4257 6
4258 0
4259 5
4260 1
4260 5
4261 1
4262 7
4262 12
4263 12
4264 8
4265 0
4266 0
4266 28
4267 7
4268 0
4269 0
4270 0
4270 28
4271 0
4271 1
4272 0
4272 1
4273 5
4274 0
4275 0
4276 7
4277 0
4277 14
4278 1
4279 0
4280 7
4281 0
4282 23
4283 6
4284 8
4285 7
4286 0
4286 28
4287 12
4288 0
4288 28
4289 0
4290 5
4291 0
4292 0
4292 28
4293 0
4294 0
4295 7
4296 7
4297 8
4298 0
4298 28
4299 0
4299 28
4300 28
4301 8
4302 0
4302 4
4303 0
4304 7
4305 12
4306 7
4306 12
4307 0
4307 28
4308 12
4309 0
4310 0
4311 0
4311 28
4312 0
4312 28
4313 7
4314 0
4315 7
4316 0
4317 0
4317 8
4318 0
4318 8
4319 8
4320 7
4321 0
4321 28
4322 0
4323 7
4324 0
4325 0
4325 28
4326 0
4327 0
4328 7
4329 0
4330 7
4330 8
4331 0
4332 0
4333 5
4334 8
4335 0
4336 0
4336 28
4336 33
4337 0
4338 28
4339 0
4339 28
4340 8
4341 5
4342 7
4343 8
4344 0
4344 8
4344 28
4345 0
4346 4
4347 7
4348 8
4349 7
4350 0
4351 8
4352 8
4353 8
4354 0
4355 0
4355 28
4356 5
4357 0
4357 7
4358 0
4358 14
4359 7
4360 8
4361 7
4361 28
4362 4
4363 7
4364 4
4365 0
4366 28
4367 0
4368 0
4369 8
4370 7
4371 7
4372 14
4373 7
4374 12
4375 0
4375 8
4376 7
4377 8
4378 6
4379 7
4380 7
4381 0
4382 0
4383 0
4383 28
4384 1
4384 5
4385 0
4386 7
4387 12
4388 8
4389 8
4390 0
4390 8
4391 6
4392 8
4393 5
4393 8
4394 6
4395 0
4396 28
4397 7
4398 8
4399 20
4400 7
4401 0
4401 8
4402 0
4403 14
4404 7
4405 0
4405 6
4406 0
4406 8
4407 0
4408 0
4409 7
4410 0
4411 14
4411 19
4412 0
4413 0
4414 8
4415 8
4416 0
4417 8
4418 0
4419 12
4420 0
4420 14
4420 19
4421 4
4422 8
4423 0
4424 7
4425 4
4426 7
4427 7
4428 7
4428 28
4429 14
4429 19
4430 0
4431 7
4432 0
4433 7
4433 12
4434 8
4434 9
4435 7
4436 0
4437 8
4438 7
4438 28
4439 0
4440 0
4441 1
4441 5
4442 4
4443 5
4443 8
4444 7
4445 0
4445 6
4446 0
4447 0
4448 0
4449 0
4450 1
4450 5
4451 0
4452 7
4453 8
4454 19
4455 8
4456 0
4457 0
4458 0
4459 14
4460 12
4461 6
4462 0
4463 7
4464 0
4465 7
4465 12
4466 0
4467 0
4468 0
4468 8
4469 8
4470 0
4471 0
4472 0
4472 14
4473 0
4474 12
4475 0
4475 6
4476 0
4477 0
4478 8
4479 12
4480 0
4481 1
4482 6
4483 7
4484 0
4485 8
4486 1
4486 5
4486 8
4487 7
4488 5
4489 6
4490 0
4491 8
4492 8
4493 0
4494 0
4495 0
4495 14
4495 19
4496 0
4497 5
4498 0
4499 0
4500 5
4501 4
4502 14
4503 7
4504 0
4505 4
4506 7
4507 14
4508 0
4508 28
4509 7
4509 12
4510 0
4510 14
4511 0
4512 7
4513 0
4514 0
4514 28
4515 14
4515 19
4516 12
4517 0
4518 1
4518 5
4519 0
4520 6
4521 5
4522 6
4523 0
4524 7
4525 6
4526 0
4527 14
4527 19
4528 0
4529 14
4530 1
4530 5
4531 7
4531 12
4532 0
4533 1
4533 5
4533 8
4534 14
4535 7
4536 0
4537 14
4537 19
4538 1
4538 5
4539 0
4540 5
4541 0
4541 19
4542 1
4542 5
4542 8
4543 14
4544 0
4545 1
4546 8
4547 1
4548 6
4549 0
4549 14
4550 0
4551 0
4552 8
4553 14
4554 0
4555 12
4556 0
4557 7
4558 0
4559 7
4560 5
4561 5
4562 0
4563 0
4563 28
4564 0
4565 0
4565 28
4566 0
4566 28
4567 6
4568 7
4569 7
4570 0
4571 7
4572 0
4572 28
4573 0
4574 0
4575 7
4576 8
4577 0
4578 0
4578 28
4579 12
4579 28
4580 0
4581 0
4581 28
4582 0
4583 8
4584 0
4585 7
4586 0
4587 0
4587 8
4587 19
4588 1
4589 7
4590 7
4591 7
4592 0
4593 8
4594 0
4595 0
4595 19
4596 0
4597 0
4598 5
4599 4
4600 6
4601 4
4602 0
4602 4
4603 0
4604 5
4604 8
4605 0
4606 0
4607 5
4607 8
4608 1
4608 5
4609 4
4610 14
4610 19
4611 0
4611 8
4612 7
4613 8
4614 0
4615 0
4616 8
4617 7
4618 0
4619 0
4619 8
4620 4
4621 7
4622 8
4623 8
4624 0
4624 28
4625 0
4626 8
4627 5
4628 14
4628 19
4629 8
4630 0
4631 0
4631 28
4632 0
4633 1
4633 5
4634 1
4634 5
4635 8
4636 0
4636 28
4637 0
4638 1
4638 5
4639 0
4640 7
4641 0
4642 0
4643 1
4644 7
4645 4
4646 1
4647 4
4648 14
4649 12
4650 0
4651 0
4652 8
4653 0
4654 0
4654 19
4655 12
4656 8
4657 0
4657 14
4658 1
4658 5
4659 0
4660 14
4661 7
4662 0
4663 7
4663 12
4664 0
4665 0
4666 0
4667 8
4668 0
4668 28
4669 0
4670 0
4671 0
4671 7
4672 28
4673 8
4674 8
4675 7
4676 7
4677 0
4678 0
4679 0
4680 0
4681 0
4682 4
4683 4
4684 34
4685 28
4686 8
4687 17
4688 7
4689 0
4690 0
4690 4
4690 19
4691 5
4692 0
4693 0
4693 14
4694 0
4695 8
4696 5
4696 8
4697 14
4697 19
4698 0
4699 0
4699 2
4700 14
4700 19
4701 1
4701 5
4702 7
4702 12
4703 0
4704 0
4705 12
4706 0
4707 12
4708 7
4709 5
4709 8
4710 0
4711 8
4712 7
4713 8
4714 0
4715 0
4716 0
4717 0
4718 4
4719 0
4720 8
4721 8
4722 12
4723 1
4723 5
4724 8
4725 4
4726 0
4727 1
4727 5
4728 0
4729 0
4730 0
4730 28
4731 0
4731 28
4732 0
4732 28
4733 0
4734 12
4735 14
4735 19
4736 6
4737 7
4738 7
4739 8
4740 0
4741 7
4742 7
4743 8
4744 7
4745 7
4746 1
4746 5
4747 0
4747 14
4748 7
4749 0
4750 0
4750 19
4751 12
4752 0
4753 7
4754 0
4754 8
4755 0
4756 0
4756 19
4757 0
4758 0
4759 8
4760 8
4761 2
4762 0
4763 4
4764 7
4764 12
4764 28
4765 0
4766 7
4767 1
4767 5
4768 7
4769 0
4770 7
4771 7
4772 0
4772 8
4773 0
4774 28
4775 0
4775 14
4775 34
4776 0
4776 19
4776 28
